num_tasks=22;
num_machines=3;
comp_cost=[|0, 0, 0, 
|130, 105, 53,
|128, 96, 131,
|136, 57, 126,
|67, 121, 90,
|142, 126, 127,
|96, 111, 145,
|66, 70, 75,
|135, 115, 134,
|125, 145, 123,
|68, 62, 140,
|125, 122, 149,
|69, 86, 67,
|61, 91, 126,
|57, 107, 56,
|147, 144, 89,
|53, 132, 74,
|87, 124, 58,
|97, 73, 50,
|78, 122, 98,
|145, 106, 82,
|0, 0, 0|];
comm_cost=[|0,0,0,0,0,0,0,0,0,0,0,0,0,0,0,0,0,0,0,0,0,0,
|0,0,66,95,90,100,88,131,61,143,57,0,0,0,0,0,0,0
,0,0,0,0,
|0,66,0,0,82,0,0,114,0,0,145,76,129,77,142,50,138,0
,0,0,0,0,
|0,95,0,0,0,119,0,0,103,138,73,144,0,102,127,103,103,97
,131,60,0,0,
|0,90,82,0,0,147,116,0,117,0,0,0,124,0,100,0,81,58
,90,0,69,0,
|0,100,0,119,147,0,53,0,76,0,0,60,109,67,66,53,83,102
,0,110,71,0,
|0,88,0,0,116,53,0,61,122,0,76,0,0,0,79,58,91,0
,0,69,0,0,
|0,131,114,0,0,0,61,0,0,0,107,0,0,100,0,103,149,106
,76,146,0,0,
|0,61,0,103,117,76,122,0,0,80,82,0,73,0,136,0,82,75
,0,114,56,0,
|0,143,0,138,0,0,0,0,80,0,71,0,92,145,59,70,58,0
,70,0,0,0,
|0,57,145,73,0,0,76,107,82,71,0,124,0,82,115,128,60,0
,0,0,137,0,
|0,0,76,144,0,60,0,0,0,0,124,0,0,84,0,0,94,0
,0,121,0,0,
|0,0,129,0,124,109,0,0,73,92,0,0,0,136,0,101,0,57
,58,0,124,0,
|0,0,77,102,0,67,0,100,0,145,82,84,136,0,0,52,0,138
,0,74,0,0,
|0,0,142,127,100,66,79,0,136,59,115,0,0,0,0,148,0,140
,86,54,0,0,
|0,0,50,103,0,53,58,103,0,70,128,0,101,52,148,0,0,132
,134,71,121,0,
|0,0,138,103,81,83,91,149,82,58,60,94,0,0,0,0,0,0
,0,89,0,0,
|0,0,0,97,58,102,0,106,75,0,0,0,57,138,140,132,0,0
,0,82,64,0,
|0,0,0,131,90,0,0,76,0,70,0,0,58,0,86,134,0,0
,0,0,108,0,
|0,0,0,60,0,110,69,146,114,0,0,121,0,74,54,71,89,82
,0,0,143,0,
|0,0,0,0,69,71,0,0,56,0,137,0,124,0,0,121,0,64
,108,143,0,0,
|0,0,0,0,0,0,0,0,0,0,0,0,0,0,0,0,0,0,0,0,0,0|];
max_time=5000;
