num_tasks=32;
num_machines=3;
comp_cost=[|0, 0, 0, 
|90, 138, 102,
|73, 67, 94,
|137, 144, 91,
|59, 58, 86,
|110, 125, 103,
|143, 63, 100,
|62, 122, 74,
|89, 111, 145,
|85, 112, 91,
|98, 71, 99,
|140, 109, 86,
|80, 62, 123,
|135, 92, 134,
|111, 139, 51,
|99, 57, 114,
|142, 78, 142,
|129, 57, 91,
|81, 57, 134,
|75, 60, 56,
|139, 94, 122,
|89, 146, 141,
|67, 58, 108,
|57, 76, 103,
|135, 79, 143,
|69, 123, 145,
|133, 148, 75,
|121, 103, 100,
|137, 81, 139,
|141, 89, 77,
|147, 50, 106,
|0, 0, 0|];
comm_cost=[|0,0,0,0,0,0,0,0,0,0,0,0,0,0,0,0,0,0,0,0,0,0,0,0,0,0,0,0,0,0,0,0,
|0,0,52,141,77,139,129,78,115,91,120,129,134,53,54,64,50,102
,0,0,0,0,0,0,0,0,0,0,0,0,0,0,
|0,52,0,0,80,95,120,0,0,89,53,59,0,0,133,85,76,0
,144,114,60,137,141,69,108,99,84,0,0,0,0,0,
|0,141,0,0,0,0,0,0,139,0,0,74,0,0,50,0,59,77
,0,0,114,110,146,90,96,127,93,76,143,0,0,0,
|0,77,80,0,0,55,0,0,56,0,0,64,56,127,130,0,0,0
,114,0,0,0,0,82,0,0,65,52,0,110,0,0,
|0,139,95,0,55,0,0,0,0,100,101,77,0,0,91,0,105,107
,111,57,79,101,117,0,98,133,96,0,84,0,125,0,
|0,129,120,0,0,0,0,0,0,78,98,0,0,0,0,62,117,0
,0,115,0,86,0,79,122,66,0,111,134,0,0,0,
|0,78,0,0,0,0,0,0,127,0,96,147,68,0,85,116,137,116
,0,96,60,144,146,0,90,0,0,60,85,0,0,0,
|0,115,0,139,56,0,0,127,0,0,50,0,106,54,0,106,0,72
,128,0,109,62,0,0,0,0,0,0,0,95,0,0,
|0,91,89,0,0,100,78,0,0,0,83,137,0,0,70,0,0,0
,0,0,0,0,74,102,50,0,0,147,149,107,0,0,
|0,120,53,0,0,101,98,96,50,83,0,87,0,0,92,145,81,0
,86,0,129,140,0,0,93,133,92,0,0,0,58,0,
|0,129,59,74,64,77,0,147,0,137,87,0,0,56,110,0,0,146
,0,70,119,57,88,100,0,53,0,0,106,0,114,0,
|0,134,0,0,56,0,0,68,106,0,0,0,0,0,95,135,0,54
,128,71,108,0,54,88,132,83,127,128,0,0,0,0,
|0,53,0,0,127,0,0,0,54,0,0,56,0,0,108,0,0,0
,0,67,0,0,0,146,0,0,139,0,0,0,107,0,
|0,54,133,50,130,91,0,85,0,70,92,110,95,108,0,53,98,0
,78,0,138,0,0,0,69,0,0,0,63,0,107,0,
|0,64,85,0,0,0,62,116,106,0,145,0,135,0,53,0,64,0
,113,0,0,0,0,76,54,115,98,0,0,56,117,0,
|0,50,76,59,0,105,117,137,0,0,81,0,0,0,98,64,0,135
,59,0,136,122,94,0,0,79,0,50,146,58,0,0,
|0,102,0,77,0,107,0,116,72,0,0,146,54,0,0,0,135,0
,0,0,0,0,0,0,0,0,0,58,0,0,84,0,
|0,0,144,0,114,111,0,0,128,0,86,0,128,0,78,113,59,0
,0,0,0,87,0,0,0,0,139,105,116,0,0,0,
|0,0,114,0,0,57,115,96,0,0,0,70,71,67,0,0,0,0
,0,0,0,0,0,0,0,0,109,0,86,0,0,0,
|0,0,60,114,0,79,0,60,109,0,129,119,108,0,138,0,136,0
,0,0,0,105,120,106,0,0,0,0,71,0,0,0,
|0,0,137,110,0,101,86,144,62,0,140,57,0,0,0,0,122,0
,87,0,105,0,103,0,0,0,137,0,98,0,0,0,
|0,0,141,146,0,117,0,146,0,74,0,88,54,0,0,0,94,0
,0,0,120,103,0,0,0,0,0,84,0,139,0,0,
|0,0,69,90,82,0,79,0,0,102,0,100,88,146,0,76,0,0
,0,0,106,0,0,0,0,0,0,0,0,106,0,0,
|0,0,108,96,0,98,122,90,0,50,93,0,132,0,69,54,0,0
,0,0,0,0,0,0,0,0,0,144,0,0,0,0,
|0,0,99,127,0,133,66,0,0,0,133,53,83,0,0,115,79,0
,0,0,0,0,0,0,0,0,0,0,107,96,75,0,
|0,0,84,93,65,96,0,0,0,0,92,0,127,139,0,98,0,0
,139,109,0,137,0,0,0,0,0,0,109,139,0,0,
|0,0,0,76,52,0,111,60,0,147,0,0,128,0,0,0,50,58
,105,0,0,0,84,0,144,0,0,0,109,0,0,0,
|0,0,0,143,0,84,134,85,0,149,0,106,0,0,63,0,146,0
,116,86,71,98,0,0,0,107,109,109,0,70,144,0,
|0,0,0,0,110,0,0,0,95,107,0,0,0,0,0,56,58,0
,0,0,0,0,139,106,0,96,139,0,70,0,0,0,
|0,0,0,0,0,125,0,0,0,0,58,114,0,107,107,117,0,84
,0,0,0,0,0,0,0,75,0,0,144,0,0,0,
|0,0,0,0,0,0,0,0,0,0,0,0,0,0,0,0,0,0,0,0,0,0,0,0,0,0,0,0,0,0,0,0|];
max_time=5000;
